1
1
1
-0.67450205 0.68953497 0.26379635 0.72280453 0.68953497 0.04577265 -0.15033496 0.22154694 -0.96349175 -83.98070847 343.56945995 240.18855698
09.10.2019 15:12:26
name_of_experiment
VvNn

2
2
2
-0.6317378 0.68876771 0.35567738 0.72331966 0.68876771 -0.04906857 -0.27877594 0.22626996 -0.93331982 -71.40513423 341.89204679 236.81484016
09.10.2019 15:14:09
name_of_experiment
VvNn

3
3
3
-0.59751444 0.69207678 0.40497683 0.70868497 0.69207678 -0.13709614 -0.37515611 0.20508407 -0.90399028 -57.7195377 340.6976039 232.0323121
09.10.2019 15:14:51
name_of_experiment
VvNn

4
4
4
-0.52684691 0.68835883 0.49859248 0.69121382 0.68835883 -0.21996722 -0.49462691 0.22874496 -0.83846286 -43.47811193 339.47561806 224.38385119
09.10.2019 15:15:30
name_of_experiment
VvNn

5
5
5
-0.29714648 0.66607164 0.68414365 0.64977102 0.66607164 -0.36625972 -0.6996439 0.33570394 -0.6307149 -28.56969357 337.3803847 211.58134942
09.10.2019 15:16:08
name_of_experiment
VvNn

6
6
6
-0.11406296 0.6540596 0.74779388 0.58190405 0.6540596 -0.48331534 -0.8052188 0.38001591 -0.4552039 -17.9593328 337.5718531 197.11821441
09.10.2019 15:16:46
name_of_experiment
VvNn

7
12
12
-0.36982022 0.70269813 0.60782263 0.49461068 0.70269813 -0.51144464 -0.78650701 0.111493 -0.60743397 -15.02117942 355.97350784 201.78314969
09.10.2019 15:17:43
name_of_experiment
VvNn

8
11
11
-0.48381065 0.70587912 0.51736053 0.54120066 0.70587912 -0.45698633 -0.68777111 0.05890101 -0.72353408 -26.68234782 356.86022253 215.3382543
09.10.2019 15:18:19
name_of_experiment
VvNn
